1 2 -1
263829 263828 45
32 33 -1
237340 237341 690
62 63 -1
78 79 -1
260312 263807 240
96 97 -1
262663 263714 -1
76 77 100
92 93 400
237340 237341 -1
262663 263714 30
21 20 -1
61 60 900
68 60 -1
60 68 37
74 75 -1
78 77 48
86 87 10233
88 89 -1228528 228536 -1
253254 253257 -1
123075 123083 -1
13843 13876 -1
6633 6634 -1
9095 9131 -1
223055 223056 -1
16748 16794 -1
58672 58673 -1
24368 24370 -1
116722 116910 -1
36920 36928 -1
55519 55576 -1
225310 227700 -1
186387 186397 -1
30025 30123 -1
147559 147566 -1
194886 194892 -1
223257 223259 -1
79116 79692 -1
228612 228614 -1
186834 186835 -1
104507 104514 -1
36712 36714 -1
169076 169077 -1
195627 195632 -1
17235 17269 -1
152567 152598 -1
44755 46274 -1
195689 195894 -1
65153 65155 -1
217659 224158 -1
122059 122176 -1
141455 141720 -1
124625 124626 -1
186993 189450 -1
86373 86386 -1
109558 109559 -1
36596 36598 -1
226743 228906 -1
6566 30189 -1
164702 164709 -1
166405 166452 -1
55878 55879 -1
244338 244339 -1
158064 158065 -1
227558 227561 -1
188658 188660 -1
241725 241730 -1
45687 45689 -1
94929 102280 -1
187613 187661 -1
37280 39394 -1
137078 137081 -1
93363 93366 -1
257585 257586 -1
83893 83894 -1
212472 212473 -1
191638 191639 -1
23063 23076 -1
169094 169095 -1
43909 43911 -1
116952 116955 -1
29923 34346 -1
178709 178710 -1
231180 231182 -1
203547 203550 -1
170036 170419 -1
133452 133462 -1
1176 1177 -1
63830 63831 -1
83513 83514 -1
53353 53367 -1
174844 174846 -1
197449 197463 -1
165454 165502 -1
7983 8028 -1
165875 165899 -1
199545 214780 -1
123489 123490 -1
225051 234267 -1
72786 72789 -1
232842 232897 -1
104792 104793 -1
201021 201032 -1
117146 117147 -1
216573 216577 -1
23995 23996 -1
221813 221930 -1
99643 99644 -1
189622 189628 -1
170164 170166 -1
196592 196594 -1
209914 209916 -1
249645 249650 -1
107054 107056 -1
163905 163910 -1
118444 118446 -1
198243 198244 -1
216610 216622 -1
170312 170313 -1
259466 259468 -1
225521 225523 -1
104919 104920 -1
42421 42423 -1
19217 34751 -1
228718 228719 -1
124733 124881 -1
34060 34061 -1
216499 216500 -1
216497 216498 -1
4422 4428 -1
140563 140564 -1
162384 171558 -1
149367 149368 -1
159890 159892 -1
227294 227316 -1
60962 60964 -1
76028 76032 -1
184322 214257 -1
151882 151883 -1
247315 247334 -1
81681 81683 -1
84370 84741 -1
192416 193887 -1
259101 259105 -1
243537 243549 -1
190027 190031 -1
9137 9138 -1
203643 203644 -1
103291 103292 -1
165952 165956 -1
114856 114857 -1
168084 168085 -1
95732 95736 -1
258480 258484 -1
105401 105402 -1
133355 133356 -1
4997 5006 -1
186671 186743 -1
18689 18691 -1
230110 230115 -1
30670 30810 -1
58833 58852 -1
231974 231975 -1
191253 191254 -1
2442 2704 -1
215341 215396 -1
107766 107767 -1
177458 177461 -1
7182 7205 -1
243307 243444 -1
194339 194341 -1
225244 225247 -1
226246 226247 -1
170165 170180 -1
200132 200144 -1
39780 39784 -1
137973 137978 -1
190100 190101 -1
4265 4300 -1
252070 252071 -1
220691 220732 -1
219518 219519 -1
195210 195211 -1
19776 19781 -1
99184 99185 -1
258584 258585 -1
175069 175071 -1
209120 209144 -1
247954 261808 -1
28551 28602 -1
44428 44429 -1
111496 111497 -1
128271 128272 -1
198131 198143 -1
137262 137263 -1
127194 127195 -1
243310 243313 -1
242858 242862 -1
155540 155541 -1
181740 181747 -1
108537 108538 -1
195480 195486 -1
124064 124065 -1
190988 193123 -1
221238 221359 -1
188322 188323 -1
161051 161052 -1
48878 48942 -1
241286 262304 -1
148032 148033 -1
49086 49089 -1
75298 75300 -1
240588 240589 -1
112150 112164 -1
71635 71709 -1
137434 137436 -1
168985 168987 -1
170982 171043 -1
182910 182966 -1
184500 184501 -1
40850 40856 -1
73557 73558 -1
110985 110986 -1
199632 199633 -1
105675 107897 -1
122850 123032 -1
202406 214308 -1
46812 46819 -1
168543 168550 -1
151426 151435 -1
96554 96555 -1
205001 205032 -1
89483 89489 -1
94897 94900 -1
26858 26891 -1
193967 193970 -1
236677 236684 -1
176452 176453 -1
189715 189717 -1
37492 37500 -1
40606 41374 -1
37881 37882 -1
8075 34202 -1
214401 214524 -1
13060 13061 -1
156150 157336 -1
29044 29062 -1
46514 47066 -1
71440 71465 -1
30295 30297 -1
129669 129671 -1
12970 13623 -1
77503 77504 -1
9898 9899 -1
1693 1694 -1
161246 176407 -1
4898 4901 -1
211841 211849 -1
191561 191855 -1
141772 141773 -1
175753 186137 -1
249630 249793 -1
243712 243715 -1
74782 74784 -1
16835 16838 -1
40209 40213 -1
139706 139707 -1
28713 28714 -1
136961 137039 -1
230499 230501 -1
29906 29948 -1
164626 164627 -1
199807 199808 -1
155325 155333 -1
205988 205989 -1
71725 71745 -1
142284 142285 -1
77509 77510 -1
103720 103721 -1
117514 117551 -1
43990 43993 -1
150977 150980 -1
89859 89864 -1
45003 45020 -1
178573 178574 -1
132241 132247 -1
176144 176511 -1
64705 64709 -1
171435 171451 -1
237858 237860 -1
202542 202545 -1
193533 193537 -1
75534 75972 -1
15874 15877 -1
83015 90992 -1
220749 220751 -1
112168 112227 -1
157369 157381 -1
165127 165131 -1
94205 94206 -1
67856 67857 -1
192094 192096 -1
232701 232731 -1
110366 110367 -1
216750 216762 -1
86037 90650 -1
169943 169945 -1
45915 45919 -1
145505 145512 -1
80300 80382 -1
117607 117735 -1
92541 92542 -1
31617 31791 -1
263136 263137 -1
94343 97408 -1
217481 217491 -1
203930 203934 -1
23746 23764 -1
22351 22352 -1
163791 163870 -1
163003 163298 -1
22682 22761 -1
88176 88182 -1
83695 83696 -1
208135 208136 -1
146808 146809 -1
253665 253666 -1
228716 228720 -1
132179 132182 -1
142814 142816 -1
5578 5579 -1
209625 209631 -1
121446 121449 -1
21477 21623 -1
19813 19817 -1
28816 28820 -1
109523 109524 -1
249158 249159 -1
194931 194941 -1
97069 97070 -1
35851 35854 -1
124645 124781 -1
88812 89196 -1
259843 263019 -1
212856 212866 -1
233931 233935 -1
240200 240231 -1
192999 193068 -1
38642 38649 -1
210749 210769 -1
13824 13835 -1
49126 49130 -1
108217 108220 -1
90221 90222 -1
238468 238491 -1
139319 139328 -1
62507 62509 -1
99062 99063 -1
250985 250986 -1
12555 12558 -1
185687 185688 -1
159853 172053 -1
86371 86382 -1
16201 16231 -1
179307 179308 -1
63742 63754 -1
153327 153342 -1
133140 133143 -1
245369 245370 -1
135853 135854 -1
174063 174064 -1
138939 138953 -1
56924 69147 -1
19814 21448 -1
100591 100596 -1
54293 54300 -1
188932 188934 -1
223044 223052 -1
151351 151354 -1
195135 195137 -1
171116 171117 -1
119163 119164 -1
46068 46070 -1
230125 230127 -1
41265 41266 -1
219645 224030 -1
87101 87102 -1
197355 197359 -1
23323 23327 -1
169421 169440 -1
35208 35211 -1
134300 134301 -1
103510 105671 -1
43948 44133 -1
48998 49001 -1
208384 208385 -1
153297 153298 -1
248531 263074 -1
252258 252259 -1
52832 52839 -1
165759 165765 -1
150679 151728 -1
236725 261431 -1
236832 236836 -1
223786 224013 -1
162533 167224 -1
193004 193006 -1
160581 160618 -1
23543 23656 -1
52985 52989 -1
93730 93734 -1
174598 174599 -1
31655 31661 -1
95735 102587 -1
25140 25170 -1
47251 47285 -1
138398 138401 -1
21618 21780 -1
110653 110655 -1
14235 14267 -1
144848 145039 -1
203132 203171 -1
45420 45434 -1
116532 116821 -1
41796 41812 -1
195167 195178 -1
236261 236269 -1
120043 120053 -1
68447 68450 -1
59108 60912 -1
249386 249416 -1
50687 50696 -1
161317 161322 -1
45008 45010 -1
142038 142041 -1
58206 58449 -1
207468 207963 -1
217831 217833 -1
8691 8692 -1
53773 53774 -1
88727 88728 -1
236648 236668 -1
255720 255830 -1
3854 3855 -1
112036 112037 -1
56959 56960 -1
45657 45658 -1
204386 204401 -1
208260 208280 -1
221209 221229 -1
80250 80318 -1
68927 68930 -1
85968 86039 -1
82823 82832 -1
37467 37532 -1
93774 93887 -1
110017 110020 -1
222171 222194 -1
185796 185797 -1
182460 182461 -1
222680 222698 -1
212638 212643 -1
184652 184654 -1
233418 233441 -1
215788 215807 -1
201267 201269 -1
204068 204087 -1
68139 68332 -1
14237 14240 -1
136594 136596 -1
256563 256572 -1
145552 145638 -1
159655 159656 -1
215963 217299 -1
18567 18578 -1
233387 233388 -1
63600 63602 -1
236862 236868 -1
34666 34667 -1
77608 79408 -1
60678 60679 -1
175378 175379 -1
218928 218929 -1
117279 117280 -1
103655 103657 -1
13447 13595 -1
229377 229378 -1
146259 146262 -1
51105 51109 -1
226284 226285 -1
15619 15632 -1
201190 201193 -1
131739 131743 -1
189785 189791 -1
259513 259519 -1
252099 252110 -1
53875 53891 -1
175477 175480 -1
168534 168535 -1
162829 162866 -1
205807 205809 -1
222875 222878 -1
104440 104442 -1
136667 136668 -1
79474 80503 -1
106532 106546 -1
98774 98775 -1
128081 128084 -1
48500 48587 -1
187488 187491 -1
217806 217807 -1
200833 206056 -1
155361 157622 -1
169059 169064 -1
197461 197462 -1
82546 82548 -1
155934 155935 -1
58266 58275 -1
200845 200848 -1
276 278 -1
224101 224102 -1
5311 5315 -1
168358 168361 -1
180157 180158 -1
103294 103380 -1
20457 20472 -1
259011 259012 -1
174514 174522 -1
188033 188036 -1
111585 111596 -1
18981 18985 -1
65029 65030 -1
48980 49458 -1
109026 109027 -1
9608 9615 -1
106726 106728 -1
19450 19455 -1
259106 259108 -1
150736 150742 -1
93570 93571 -1
195871 196039 -1
239574 239575 -1
112193 112199 -1
74244 74245 -1
80553 80554 -1
110453 110467 -1
68616 68638 -1
1552 1554 -1
73718 73721 -1
2183 2184 -1
211869 211879 -1
89225 89226 -1
80284 80286 -1
207814 207815 -1
244408 244417 -1
61533 61534 -1
190763 190764 -1
203036 203037 -1
145758 145763 -1
128419 128420 -1
20833 20837 -1
79947 85163 -1
189142 189183 -1
175002 175011 -1
138025 138055 -1
9648 9720 -1
11050 11051 -1
238477 238478 -1
67834 67836 -1
240569 240570 -1
1335 1337 -1
233236 233237 -1
11087 34201 -1
228144 228151 -1
93803 93804 -1
128821 128822 -1
39760 39762 -1
64254 64263 -1
225461 225462 -1
238420 238447 -1
18254 18259 -1
181771 181773 -1
208399 208417 -1
145715 149041 -1
253152 253164 -1
54170 54179 -1
118207 118208 -1
1340 2981 -1
43685 43687 -1
14898 14946 -1
144994 144996 -1
222036 222038 -1
147888 147890 -1
216559 216575 -1
239711 239774 -1
34498 35052 -1
253969 253973 -1
85699 85700 -1
205900 205906 -1
204966 212596 -1
29817 29819 -1
193914 193915 -1
220995 221577 -1
74147 74190 -1
44110 44115 -1
19936 19940 -1
126447 126464 -1
1469 1470 -1
157761 157762 -1
136080 136082 -1
163541 163564 -1
76822 76823 -1
208654 208659 -1
212419 212421 -1
155342 155344 -1
260283 260284 -1
7862 7866 -1
165669 165675 -1
38668 38815 -1
222212 222215 -1
24977 24978 -1
157540 157544 -1
204787 204790 -1
67281 67282 -1
64390 64392 -1
66487 66492 -1
193497 193500 -1
75496 75497 -1
22809 22810 -1
152127 154194 -1
156124 156125 -1
30770 30779 -1
86771 86938 -1
42014 42029 -1
167487 167502 -1
246632 246635 -1
165108 165109 -1
79249 79251 -1
19279 19293 -1
73007 73118 -1
131170 131172 -1
124215 124337 -1
167755 167756 -1
261006 261007 -1
226560 226567 -1
159977 159978 -1
159768 159803 -1
61124 61125 -1
148567 148569 -1
137027 137028 -1
227867 227868 -1
73222 73225 -1
9936 9939 -1
54696 54697 -1
147228 147230 -1
123900 123905 -1
106005 106006 -1
31725 31771 -1
175527 175528 -1
194803 194811 -1
228021 228148 -1
147536 147537 -1
67807 67824 -1
104602 104603 -1
82573 82589 -1
165379 172496 -1
117676 117678 -1
218823 218826 -1
63239 63242 -1
221906 221911 -1
126164 126165 -1
13579 13603 -1
24776 24777 -1
48511 48514 -1
231877 231878 -1
248721 248722 -1
170516 170530 -1
31193 31218 -1
115491 115494 -1
252462 252463 -1
49429 49439 -1
72302 74266 -1
165571 165575 -1
53875 53890 -1
161009 161015 -1
108987 109037 -1
70242 121661 -1
91237 91800 -1
226786 226790 -1
189946 189947 -1
131349 131351 -1
17803 17805 -1
126848 126881 -1
112562 112563 -1
229525 229526 -1
115768 115770 -1
75663 75666 -1
2153 2155 -1
155177 155180 -1
214158 214159 -1
116899 116900 -1
153172 153324 -1
30376 30454 -1
93856 93863 -1
166937 166940 -1
132030 132031 -1
15585 15588 -1
39889 39901 -1
207628 207639 -1
216151 216191 -1
204362 204368 -1
204399 204400 -1
140499 140511 -1
200362 200394 -1
241780 241781 -1
170273 170349 -1
31102 31104 -1
91116 91117 -1
137031 137033 -1
165279 165379 -1
171466 171467 -1
208087 208093 -1
134448 134452 -1
217103 217108 -1
92631 92632 -1
120468 120471 -1
93580 93581 -1
212449 212450 -1
12562 12564 -1
106085 106086 -1
229415 229417 -1
80807 80831 -1
53694 53720 -1
16010 16013 -1
163856 166421 -1
80367 80369 -1
207404 207411 -1
195710 195711 -1
156337 156360 -1
147308 147309 -1
160029 160030 -1
149725 151800 -1
212176 212179 -1
106927 106928 -1
144147 144174 -1
161863 161864 -1
176253 176256 -1
107809 107812 -1
120724 120738 -1
65249 65252 -1
162955 162957 -1
69160 69161 -1
106477 106478 -1
148114 148119 -1
112688 112689 -1
232444 232482 -1
162616 214234 -1
126047 126053 -1
238251 238252 -1
258731 258768 -1
153565 162506 -1
217711 217712 -1
57854 57855 -1
115913 115914 -1
216334 216336 -1
54819 54820 -1
43361 45188 -1
30679 30680 -1
31346 31348 -1
1044 1047 -1
117040 117197 -1
100146 100147 -1
106818 106819 -1
148316 148317 -1
116877 116880 -1
143186 143192 -1
46149 46169 -1
121791 122235 -1
123741 123742 -1
205824 205825 -1
90772 90773 -1
114523 114532 -1
183738 183741 -1
7656 7657 -1
213464 213469 -1
4795 4801 -1
232913 234295 -1
171694 171697 -1
151339 151342 -1
129273 129419 -1
71744 71750 -1
195985 196954 -1
150410 150422 -1
118043 118044 -1
77186 77188 -1
181350 181372 -1
103837 103842 -1
212977 212978 -1
211982 211983 -1
205780 205785 -1
129147 129149 -1
148272 148276 -1
199717 210540 -1
216706 216756 -1
246229 246230 -1
40925 40929 -1
169554 169555 -1
242592 242593 -1
72147 72148 -1
126697 126724 -1
189948 189957 -1
131474 131478 -1
21782 21783 -1
212900 212908 -1
173070 173072 -1
122894 122895 -1
170882 170904 -1
198364 198369 -1
130908 131336 -1
46117 46127 -1
85037 85079 -1
196972 196973 -1
260485 260489 -1
229212 229213 -1
142576 142585 -1
106977 106981 -1
22626 22628 -1
127626 127627 -1
160187 160234 -1
31809 31810 -1
155290 157621 -1
69451 69452 -1
261312 261314 -1
80699 80734 -1
28360 28372 -1
21970 21971 -1
260111 260112 -1
75712 75717 -1
135666 135667 -1
88822 88823 -1
143477 143478 -1
160171 160172 -1
41207 41212 -1
5455 5462 -1
184976 184985 -1
108806 108808 -1
218305 218307 -1
225267 225339 -1
121465 121468 -1
68568 68649 -1
222027 222075 -1
166002 166003 -1
103891 103892 -1
164578 164579 -1
171596 171598 -1
5453 5515 -1
159183 159186 -1
210746 210960 -1
170554 170697 -1
123919 123920 -1
33800 33801 -1
19005 19014 -1
240014 261870 -1
118505 118610 -1
9612 9614 -1
192966 193214 -1
115231 115263 -1
196755 196756 -1
220362 220367 -1
17196 17254 -1
101101 101174 -1
251660 251664 -1
99852 100429 -1
190541 190543 -1
5218 5376 -1
195366 195367 -1
81341 86351 -1
248324 248326 -1
127031 127059 -1
225564 225566 -1
233670 233678 -1
81710 81719 -1
36822 36823 -1
252720 252721 -1
159097 159098 -1
121391 121393 -1
135765 135787 -1
52041 52049 -1
46305 46312 -1
249596 250191 -1
244460 244461 -1
212575 212577 -1
49352 49355 -1
54447 54449 -1
129774 129818 -1
27576 27724 -1
64523 64527 -1
206502 206505 -1
127934 127935 -1
81652 81653 -1
129099 129100 -1
198831 198832 -1
186593 186601 -1
71234 71236 -1
181466 181468 -1
36895 36899 -1
196668 196672 -1
250871 250894 -1
123287 123298 -1
148444 148446 -1
87511 87562 -1
203757 203758 -1
221991 221992 -1
223361 223364 -1
113508 113509 -1
174886 174891 -1
102132 102133 -1
233661 233667 -1
202005 202007 -1
131609 131620 -1
106388 106528 -1
104498 104601 -1
261245 261247 -1
218711 218713 -1
58318 76469 -1
134736 134784 -1
43394 45219 -1
86494 91099 -1
15160 15161 -1
160498 160501 -1
255867 255868 -1
200634 200656 -1
178887 178888 -1
150011 150012 -1
25726 25735 -1
199633 199635 -1
47158 47159 -1
165815 165816 -1
142916 142917 -1
158047 158049 -1
140903 140905 -1
245743 245807 -1
161807 161810 -1
100084 100087 -1
56849 72203 -1
154935 155171 -1
155676 155677 -1
143895 143896 -1
226369 226374 -1
189997 190679 -1
208127 208129 -1
33754 33767 -1
148719 148725 -1
215889 215890 -1
144652 144654 -1
256169 256171 -1
173367 173379 -1
120917 121493 -1
212599 212604 -1
220982 220985 -1
134615 136880 -1
41057 41058 -1
188860 188865 -1
133600 136963 -1
46630 46632 -1
132771 136320 -1
24968 24970 -1
154992 154999 -1
195865 195867 -1
111919 111942 -1
110824 110825 -1
151481 151482 -1
196507 196515 -1
234217 234222 -1
173810 173811 -1
259154 259169 -1
184993 185017 -1
11479 11484 -1
191606 194134 -1
137528 137533 -1
66185 66186 -1
258937 262719 -1
142708 142709 -1
11528 11553 -1
45556 45557 -1
32326 32328 -1
138482 138484 -1
124024 124028 -1
250583 250585 -1
128295 128296 -1
3900 4023 -1
153047 153112 -1
170790 170791 -1
222537 222545 -1
217885 217954 -1
232772 232773 -1
66533 66601 -1
74892 74893 -1
105199 105200 -1
148852 149700 -1
148658 148659 -1
29437 29438 -1
184062 184064 -1
252297 252301 -1
247158 247159 -1
18929 18945 -1
69802 69803 -1
64076 64087 -1
124120 124252 -1
177946 177947 -1
250539 250573 -1
38025 38034 -1
87261 87267 -1
132915 132916 -1
236403 236404 -1
82943 82971 -1
191286 191287 -1
126884 126885 -1
174178 174274 -1
27881 27885 -1
64023 64029 -1
1886 1889 -1
66376 66377 -1
153836 153938 -1
145167 145169 -1
132232 132237 -1
205230 205232 -1
262840 262842 -1
23944 23961 -1
15197 15202 -1
203134 203136 -1
189848 189903 -1
163952 163953 -1
228089 234857 -1
31428 31429 -1
143483 143516 -1
67102 67105 -1
39296 39304 -1
88364 88370 -1
202633 202634 -1
21313 21314 -1
2566 2589 -1
143098 143099 -1
185121 185165 -1
221460 221521 -1
83353 91008 -1
244959 244960 -1
42957 42959 -1
199778 199780 -1
160955 160956 -1
125602 125604 -1
128804 128805 -1
164402 164991 -1
68182 68190 -1
130556 130559 -1
119236 119237 -1
167762 167763 -1
10554 10555 -1
127092 127094 -1
191160 191161 -1
57781 57782 -1
139761 203679 -1
87404 87413 -1
110767 110775 -1
174549 174550 -1
13694 13699 -1
48265 50524 -1
141548 141563 -1
108223 108224 -1
195983 195986 -1
178364 178365 -1
154893 154894 -1
47610 47725 -1
3845 3865 -1
237296 237300 -1
154952 154959 -1
237054 237055 -1
209881 209884 -1
82466 83690 -1
81172 81177 -1
231376 231377 -1
41507 41509 -1
139826 139827 -1
223228 223229 -1
87218 87219 -1
32633 32693 -1
103593 103594 -1
82080 82081 -1
81671 81672 -1
100460 100527 -1
227999 228002 -1
210693 210702 -1
176274 176281 -1
124120 124233 -1
136174 136176 -1
189516 189518 -1
259163 259215 -1
216399 216401 -1
177986 177987 -1
119944 120040 -1
251478 251484 -1
253165 253168 -1
136893 136896 -1
210223 210225 -1
105819 105902 -1
66587 66588 -1
260353 260356 -1
226918 226920 -1
101480 101484 -1
228001 228006 -1
109835 109848 -1
155295 155297 -1
61562 117568 -1
105293 105299 -1
36328 36332 -1
209507 209508 -1
140659 140730 -1
215285 215289 -1
221402 221403 -1
246471 246472 -1
220120 220121 -1
188209 188218 -1
84474 84518 -1
180884 180903 -1
175297 175300 -1
253223 253228 -1
385 388 -1
231833 234696 -1
156066 156083 -1
179655 179681 -1
91193 91450 -1
51077 51079 -1
121458 121459 -1
241505 241506 -1
156922 156923 -1
192778 192779 
260813 260814 -1
215849 215850 -1
210579 210582 -1
54381 54575 -1
241517 241519 -1
247356 247357 -1
210153 210154 -1
161482 161487 -1
195464 195467 -1
247385 247388 -1
245817 245818 -1
55112 55113 -1
258887 258896 -1
221304 221321 -1
124828 124844 -1
150200 150203 -1
99770 102468 -1
42155 42157 -1
114716 114717 -1
181904 181908 -1
71258 71429 -1
229189 229202 -1
131194 131199 -1
166618 166619 -1
104660 104661 -1
26363 26388 -1
20187 21555 -1
4831 4832 -1
59060 59128 -1
136209 136211 -1
115503 115504 -1
256824 256859 -1
63356 77060 -1
56284 56289 -1
10269 10271 -1
135831 135842 -1
23999 24005 -1
92032 92080 -1
144525 144526 -1
231413 231432 -1
252464 252470 -1
180415 180450 -1
90278 90279 -1
194937 194940 -1
109784 109785 -1
130727 130729 -1
36843 36848 -1
199827 199828 -1
242560 242574 -1
131692 131693 -1
146282 146284 -1
119964 119965 -1
95506 95507 -1
222340 222341 -1
221104 221122 -1
161037 161038 -1
52308 52321 -1
142453 142455 -1
144815 144858 -1
52038 52636 -1
182491 182492 -1
62932 62934 -1
151449 151461 -1
19476 19597 -1
196148 196150 -1
203027 212078 -1
192273 192274 -1
149874 149875 -1
180264 180265 -1
155844 155845 -1
49738 49773 -1
142909 147353 -1
14 237 -1
241502 241504 -1
122891 122895 -1
252026 252033 -1
107327 107328 -1
193597 193625 -1
147198 151952 -1
198614 198615 -1
82062 82063 -1
90080 90081 -1
126944 126946 -1
117541 117555 -1
51261 51278 -1
108557 108558 -1
93819 93876 -1
67660 67662 -1
155644 155645 -1
17358 17375 -1
14355 34711 -1
188202 188299 -1
51979 51982 -1
151081 151228 -1
22976 22977 -1
7485 24759 -1
250945 250951 -1
143090 143092 -1
229104 229109 -1
129885 129887 -1
18400 18404 -1
245455 245461 -1
76473 76474 -1
171177 171827 -1
100755 100757 -1
32344 33264 -1
226608 226609 -1
173786 185427 -1
233374 233376 -1
4012 4013 -1
161199 161200 -1
107904 107905 -1
255337 255339 -1
153716 153717 -1
19008 19009 -1
102504 102506 -1
227518 227533 -1
210268 210273 -1
212060 212066 -1
124900 124927 -1
134820 134825 -1
136386 139554 -1
44537 44568 -1
93708 93709 -1
101069 101071 -1
70367 70368 -1
63097 63098 -1
138238 138362 -1
21641 21660 -1
168121 168299 -1
183008 183078 -1
3783 3787 -1
168686 168696 -1
146582 151915 -1
4466 259686 -1
147894 147896 -1
751 752 -1
98981 98988 -1
26099 27977 -1
228318 228335 -1
246865 246866 -1
255392 255405 -1
194787 199708 -1
38114 38121 -1
200211 200221 -1
85108 85109 -1
176767 176827 -1
165801 165808 -1
251041 251057 -1
58148 60657 -1
13980 13982 -1
187646 187647 -1
201548 201551 -1
68759 68973 -1
27045 27046 -1
194686 208646 -1
134386 134389 -1
81784 81786 -1
158166 158329 -1
97553 97562 -1
42365 42431 -1
204203 204254 -1
247615 247618 -1
38481 38483 -1
16052 16054 -1
88301 88302 -1
262541 262542 -1
29628 29629 -1
87969 87970 -1
163236 163651 -1
247906 247907 -1
119674 119676 -1
221768 221785 -1
16512 16514 -1
41002 41393 -1
180742 181600 -1
31014 31015 -1
125153 125188 -1
187726 187730 -1
156736 157376 -1
63582 63583 -1
216604 216605 -1
127085 127137 -1
188950 188952 -1
166199 166253 -1
114302 114359 -1
130175 130178 -1
203993 204002 -1
119713 119774 -1
21121 21129 -1
211966 212133 -1
115513 115515 -1
87316 87317 -1
98745 98746 -1
50745 50746 -1
237017 237018 -1
158268 158277 -1
209164 209167 -1
191327 191333 -1
30458 30526 -1
31804 34922 -1
114913 114914 -1
120810 120888 -1
9654 9723 -1
34383 34384 -1
80929 80952 -1
118348 118350 -1
236208 250132 -1
16969 16971 -1
194856 194861 -1
237336 237458 -1
245703 245707 -1
107857 107863 -1
114937 114938 -1
183576 185635 -1
170249 170250 -1
158254 158269 -1
134696 134780 -1
239503 239509 -1
150496 150534 -1
26958 26959 -1
103077 103078 -1
204656 204657 -1
33625 33626 -1
144354 144365 -1
215262 215295 -1
161463 161477 -1
146887 146907 -1
200586 200920 -1
38539 38579 -1
164679 164680 -1
33252 33254 -1
259988 259993 -1
186401 186435 -1
86647 86722 -1
206714 206763 -1
257873 257890 -1
39413 39415 -1
71427 71428 -1
241223 241238 -1
209855 209892 -1
187593 187594 -1
163083 163084 -1
227979 227980 -1
260006 260017 -1
253432 253433 -1
255665 256213 -1
232159 232161 -1
3795 4009 -1
243874 243876 -1
165503 165504 -1
39824 39833 -1
143611 143832 -1
170965 170967 -1
216118 216119 -1
118690 118691 -1
23203 23206 -1
177229 183532 -1
100863 103173 -1
200418 200422 -1
212784 212785 -1
174799 174800 -1
186507 186522 -1
207422 207425 -1
195749 197305 -1
34044 34576 -1
170643 170644 -1
135092 135093 -1
8122 8123 -1
153071 155532 -1
47522 47538 -1
5301 5302 -1
68848 68849 -1
243969 243972 -1
99311 99320 -1
256791 256817 -1
193684 193686 -1
21774 21775 -1
250717 250723 -1
141212 141213 -1
56068 56079 -1
128495 128496 -1
65866 65869 -1
188488 188490 -1
191888 191903 -1
24640 24660 -1
94321 103187 -1
170292 170323 1510
137836 137837 5321
47503 47507 2761
89403 89404 3235
248164 248165 2393
107599 107600 4369
184284 184286 2498
175282 175283 2954
128852 128854 9782
119769 119772 7903
116602 116607 3240
232987 232988 3730
209413 209436 4417
121004 121016 6638
220307 220310 8852
15304 15305 7547
155398 155399 4132
136089 136100 525
150882 150917 5119
80110 80112 5402
171488 171489 7404
245835 245837 7886
84345 84349 8583
194145 194148 3455
66421 66427 3246
50657 50658 120
86876 87048 1512
240725 240726 8256
197319 197321 8370
9429 9432 605
215662 219801 6620
191352 191353 3445
107178 107179 7677
242168 242169 5424
10364 10365 2360
203577 203592 5293
56309 56312 8421
173551 173553 3503
55580 55636 4933
199061 199062 4224
55984 55993 158
180356 180357 3363
179259 179303 1537
145970 145971 873
123163 123166 6715
173734 173736 404
9967 9972 4887
252806 252807 2861
64211 64224 9113
137328 137330 9783
31074 31075 2653
221391 221392 2366
191484 194432 424
22299 22336 4124
228708 228709 5902
105200 105201 1535
79656 79672 3872
103662 113592 8937
239668 239669 3072
72657 72662 8337
193637 193642 3888
140066 140067 9247
242137 263496 395
42330 42551 2514
67665 67679 5238
4425 4437 9253
54556 54557 4188
200562 200565 7182
76394 76397 9959
13173 13174 735
116874 116881 8643
41596 41610 2284
2309 4100 5402
138315 138321 6852
170855 170856 2591
13773 13788 4535
126395 126400 9038
50318 50442 7711
33200 33206 8150
117299 117301 773
187794 190787 2002
153299 153303 8226
125869 125870 5562
228277 235437 3697
252009 252199 6343
24065 24067 1679
115966 116020 3074
143251 143252 8616
203754 203755 6129
260048 260241 8193
104320 104322 6998
22238 22240 9312
36786 36795 9003
110347 110348 2580
45740 45752 6892
250946 250966 3098
17529 17530 2043
145695 145705 1201
22813 22824 6964
249987 250068 148
176339 176345 2774
137584 137687 3751
41595 47674 6827
39754 40507 3527
27878 27883 8757
5510 5514 6326
237704 237705 7402
15797 15799 2727
76811 76812 3139
90977 90978 2812
258027 262078 5846
161627 161629 6345
230580 230581 7816
202766 202770 1578
104257 104279 1538
218881 218882 3329
127112 127114 2263
4672 4674 9363
9652 16915 4581
150080 150081 6973
57244 77423 3019
204458 204460 2313
108724 108727 9862
240915 254315 9776
142759 142785 9550
6151 6269 5004
208757 208775 8111
65726 67460 2708
169872 169873 8919
78971 78979 650
204984 204985 9503
103203 103217 2740
87460 87563 7705
165892 165897 3931
173934 174330 8640
80703 80736 4829
121763 121766 1140
76163 76165 9974
203192 203196 6321
74985 75023 3091
247444 247450 3328
235672 236050 8855
170563 170564 3894
248285 248286 838
185075 185076 4963
201563 201564 514
181025 181075 9289
104133 104152 555
243796 243806 6231
54182 54194 6588
68219 68220 3639
17446 17447 7355
149274 151939 741
241539 241540 2480
7319 7321 8827
256809 256921 5047
186892 190562 7550
231692 231694 5303
182051 182832 902
151495 151498 6769
121547 121555 6923
207321 207322 4352
173718 173726 1161
26000 26037 2029
199753 199755 7957
140053 140082 1212
91144 91146 5193
124323 128709 6196
225367 225372 1640
51427 51489 4732
211844 211886 5617
14586 14626 1407
203851 203854 1423
237235 237243 6123
83483 83484 3889
181365 181366 1606
136683 136684 7904
162201 162202 2909
19181 26185 3215
73013 73017 2539
93726 93732 5318
6775 6776 7519
229726 229843 5551
68983 68987 499
30063 30064 1865
145207 145208 1013
227612 235232 3975
107501 107505 2579
55773 55776 6897
76518 76521 7267
253064 253067 2757
168745 168746 1912
138532 138537 1233
251011 251022 8972
72752 72753 1420
147323 147347 9927
170050 170066 7686
180205 180939 4880
112586 112647 7253
104712 104723 7202
56552 56566 273
52696 52698 7283
236949 236953 1237
208504 208514 5397
55888 55892 904
79197 79198 213
20617 20621 1464
178716 178717 9042
37057 37059 3788
164524 164525 864
38327 38491 744
250219 250220 6126
241072 264103 734
168838 168846 5476
52152 52153 2088
242095 242097 9896
262535 262536 2164
179743 179751 2271
198352 198419 4400
211502 211503 638
8990 8991 977
10267 10268 359
79859 79882 8360
136001 136002 3654
48290 48294 7569
262162 262164 4876
19153 19166 5869
171734 171736 9899
257975 257986 9761
37294 37312 1655
777 794 5396
7454 7455 472
137340 137377 8755
33783 33785 8645
4566 4584 1256
190046 190091 3745
176941 176942 8050
127557 127558 149
177788 177790 6973
217919 224803 4704
102718 103015 4572
139985 139986 6339
209036 209096 4828
241916 242051 9839
202164 202165 4155
130249 130257 117
158812 158814 9898
36069 36070 8871
80688 80689 3861
73112 73114 2976
120975 120977 5107
25058 25059 977
92916 92936 6549
220319 220323 8021
111422 111430 7653
201829 201830 944
74749 74757 805
138385 138420 7343
162848 162852 4394
56166 56173 231
37762 37772 5440
16186 16188 5831
227605 227606 4714
194765 194772 8936
164669 164670 1669
80613 80614 3873
150901 150902 8048
208072 208075 1137
144038 146139 3212
85040 91026 5754
238423 238429 5546
84477 84504 5154
103293 103376 3487
98154 98176 9876
139827 139830 8199
41466 46635 8745
161894 161896 3206
173103 173104 9129
53168 53206 5385
230049 230218 9116
255121 255125 2939
86554 86555 2843
25738 25741 5066
2088 2132 2286
201060 201062 4482
263238 263240 4617
204620 204783 9687
230607 230610 1232
248993 249008 8343
154982 154984 5727
11605 11607 2400
133574 133575 4197
196119 196131 488
31516 31517 7298
220503 220511 462
157033 157034 6628
54535 54680 2280
240531 240535 6813
99174 99175 8129
226032 234315 3774
164013 164404 9594
101429 101434 7438
209310 209312 1006
146669 146673 8719
96064 96066 9130
58160 76763 6790
121235 121238 7143
47569 47573 3617
63159 63161 5206
151870 151963 2124
14611 14612 6600
141280 141285 4668
218342 218371 8567
111035 111036 2027
154217 154221 3518
190795 190850 7143
63755 63756 2171
136759 136772 2779
79217 79218 2516
522 525 7901
139071 139126 1214
223962 223963 6832
195636 195637 4949
79202 79205 6612
48417 48430 6314
116516 116535 8092
191000 191001 7118
22970 29648 6521
176212 176214 5537
18085 18086 7182
211955 211957 9354
186783 186815 9049
163869 163871 2632
72070 72085 7613
174263 174264 5614
47415 47465 6725
236598 263336 2502
205497 205498 4706
20371 20372 629
197453 197460 4782
71932 71989 4030
5786 5787 9432
111480 111505 8504
114962 115058 5138
114906 114947 9949
90023 90039 1659
51308 51348 5278
66648 66654 6285
7012 34079 4686
154982 154984 8588
111663 111664 7825
118559 118560 9622
154644 154645 7278
65187 65195 9483
9815 9817 9377
187806 187808 9975
67016 67242 5465
40748 50406 8124
202518 202519 2282
220718 220732 9938
144230 144231 5496
152345 152346 5266
237936 237938 5139
42808 42810 6296
22023 22027 7218
247523 247567 9006
141918 141920 860
179245 179266 7688
264290 264291 5305
119484 119485 6570
167249 168496 9333
100810 100813 9589
165660 165662 1624
167667 167668 4566
169415 169417 6073
69458 69460 2270
162362 162363 8039
5336 5342 9025
162460 168569 5703
50682 50684 5750
1632 1813 3894
14073 14117 2759
197532 197536 5462
125232 125246 5027
241442 241443 7676
155093 155149 7861
16352 16356 9701
221324 221327 3917
132867 132880 5466
63870 63878 2314
93365 93368 7761
24513 24543 2197
224037 224038 9217
158524 158525 8523
148573 148576 5438
42650 42674 6803
141390 141403 5429
201939 201941 1746
150303 150367 2321
48286 48287 4828
60006 60022 3307
121458 130465 9061
2078 2171 6987
26996 26999 9858
154160 154183 2742
90404 90405 1830
241232 241235 6255
149836 149838 5581
189852 189883 2111
152378 152384 2602
176554 176556 5998
130105 130107 7774
47969 47975 7144
190529 190629 9443
6620 6628 687
30258 30261 2273
1773 1775 2015
79758 79759 2218
221966 221977 3306
57326 57327 6788
119904 119917 1597
138013 138045 8075
200108 200117 558
66113 66114 8208
180942 180943 6071
133720 133784 8089
72071 72073 6943
206780 206781 5837
63977 63982 150
143426 143455 7637
73365 73368 3038
82828 82831 484
146482 146490 6593
196351 196404 1646
208973 208979 2732
184459 184504 3892
149238 149250 9444
89369 89376 3271
80420 91524 1311
29450 29454 9827
153940 154725 4727
41584 41587 7970
96217 96696 8862
233257 233303 5425
181127 181128 4515
231433 231434 1899
151401 151403 6676
15017 15018 5841
160684 160696 2628
177314 185345 2582
196049 196050 1262
191163 191346 9214
173885 173922 5856
96373 96431 8168
119693 119801 9081
188429 188435 3966
204443 214420 2261
108416 108452 1559
14563 14976 1494
154440 172104 4680
230097 230143 9831
109911 109912 4276
157102 157104 9479
255816 255818 7838
236905 236913 5734
215814 215973 8585
251452 251453 6603
211466 211471 6768
32311 32312 6643
150305 151802 3491
104270 104274 9928
202231 202233 1159
74398 74399 9372
210914 210916 3917
74062 74064 4741
252855 252869 6028
171021 171073 479
236405 263266 7207
252915 253586 7798
203726 203727 7350
243644 243650 1699
217997 217998 5793
159 160 6649
84017 84019 1801
98201 98217 1439
19655 19659 3071
79621 79622 1745
149384 149387 3792
1380 1387 8037
228321 228324 6271
245436 245437 593
30596 30599 5753
204118 204119 7236
204736 204780 9138
128419 128531 3251
156018 156133 7302
223389 224027 3993
55855 55863 1080
70783 70789 7267
63317 63318 6039
3444 3486 3361
128585 128590 9351
143653 143654 9878
197435 197436 223
27959 27960 4321
158822 166095 7645
124239 124282 9311
91963 92372 8489
191315 191316 5787
137895 137907 1178
22984 22989 4566
217412 224157 2206
118180 118199 491
104403 104450 839
176315 176333 6402
110215 110229 770
46407 46412 172
65083 77146 9797
104281 104282 9273
174593 174696 3474
200329 200331 8204
104316 104317 4542
248703 248704 2514
67382 67383 5516
89885 90267 5772
53173 53207 2718
217677 224196 3130
166175 168064 172
264283 264284 7137
128686 128689 9622
168171 168225 8009
117306 117308 9937
181510 181511 4076
253253 254835 2073
147484 147497 8406
27201 27208 1105
14659 14663 5120
15634 15636 1925
216324 216367 9121
235604 235605 7808
213283 213305 6822
207154 207155 2109
202567 202664 579
171312 171470 2511
27266 27267 8495
225437 225438 995
131629 131631 9301
202306 202308 4744
229909 229915 4524
72106 72107 1230
172976 178058 6761
89960 90417 6729
37277 39364 5081
243204 243207 6747
116645 116649 467
56577 56579 9743
101923 101926 6582
249655 249659 4558
70792 70798 4107
173112 173114 7072
131856 131863 7854
9188 9189 3578
202341 202342 3722
131985 131991 418
255510 255512 3982
31658 31662 9695
47679 47689 5587
7923 7924 5896
239909 239910 1632
47549 47553 3467
159628 159629 7544
197560 197569 2822
56036 56049 302
88121 88130 5507
47497 47500 2421
145125 145129 2161
74384 74645 4936
193555 193557 3899
216302 216303 7617
195061 195065 7625
18991 18993 4947
66169 66175 6820
137884 137886 1385
193365 193369 8468
188533 188536 9046
70889 70890 5468
70996 70997 5738
129171 129175 2308
39465 39635 3895
97311 97335 9870
143642 143644 1009
218777 218788 3215
48577 48584 4885
262333 262334 6961
199708 199713 9249
136801 139552 6708
32733 32735 3361
177871 177872 3696
188794 188797 7205
230491 230514 3665
126796 126799 3506
212778 214579 1962
60211 77602 400
197249 202575 4928
57513 57516 5843
191074 191075 4371
132780 132784 8988
65102 65103 9452
220123 220124 8453
181510 181528 2634
60148 60373 4083
132769 132954 568
12566 12570 8041
119408 119427 4445
224246 224774 7172
193221 193228 2618
111907 111908 8545
237454 237455 1151
19577 19578 9640
43694 43697 7112
231908 231909 4671
115829 115843 7690
209709 209710 8026
94614 94653 6901
120749 120751 4033
104495 104496 5849
175772 175791 7411
164366 164367 2757
85965 85967 2865
25199 25211 6663
65308 77178 8085
145760 145762 7188
117388 117389 1857
226586 226587 6280
219619 219622 1091
230180 230197 5191
130307 130338 445
114545 114754 4777
54804 54810 7879
237527 237537 6483
94380 102948 2373
174384 174385 2433
194829 202017 4387
258064 258067 5688
117087 117089 3974
23511 24272 8393
11738 11741 7473
184345 184360 1237
45287 45289 3294
183521 183526 3410
15941 15942 3862
89732 89952 961
75118 75119 3130
204213 204219 9695
37053 37054 2012
104420 105050 7009
3833 3853 9135
101143 101148 2368
90721 90722 9960
144663 144664 1674
225868 225869 7296
105583 110815 4316
189813 189818 8381
247726 247742 1209
246245 246248 7351
219063 219065 7818
134978 134979 7248
24463 24464 8839
182700 182709 5111
163064 163066 7507
11711 11712 9041
74139 74205 3164
176593 176594 2710
12622 12623 1044
168779 168780 9135
121698 121700 9782
144709 144725 8833
107036 107058 3689
67134 67144 5388
116434 116779 4271
127149 127290 4749
51414 52825 3383
68605 68608 6867
62361 62362 6896
122119 132458 2010
82277 82278 5556
129136 129144 4207
125588 125589 648
100363 100364 1492
221793 221802 8684
21492 21639 5155
117578 117585 8916
110628 110730 4883
209685 209708 2972
62995 63029 1884
15900 15902 9239
254480 254481 6921
49014 49033 8129
133935 133936 7714
149709 149710 4301
4412 4413 4116
246154 246170 194
17095 17099 5047
119262 119263 2825
54937 54938 2366
71738 71754 6360
166027 166035 3067
52615 52646 8226
241429 241430 9145
223028 223034 7178
45429 45430 8595
211945 211946 8043
59434 59436 193
211986 212306 8856
202772 202773 2817
44099 44100 5541
97672 97677 9892
176838 176842 2677
32909 34673 6963
44160 44163 3857
82774 82776 8018
241398 241429 3707
219442 219450 2801
219604 219606 8273
48066 48068 2457
162300 162301 4623
50232 50233 5389
80455 80461 680
69385 69423 4988
218257 218279 307
167260 167261 9969
116849 116854 6944
195625 195626 9146
92881 102828 8715
150017 150019 2744
243549 243551 7549
215693 215694 7997
243815 243819 9060
2416 2426 6698
33891 33892 2106
252070 252072 8585
256861 256877 4268
181091 181332 6508
93234 98543 194
116669 116674 8138
111629 111641 5413
8410 8419 5722
134753 134756 5811
150787 150797 5557
88278 88279 3337
65661 65667 7904
116653 116658 146
164544 164575 4513
195301 195302 2798
38706 38712 6302
55072 55075 9449
201196 201198 1371
251735 251736 9372
29288 29292 417
189205 189208 8852
223525 223527 963
198198 198199 9747
138817 138819 302
22335 22336 7623
133623 133640 9825
151357 151358 3282
44116 44117 3624
229952 229953 3079
213569 213578 7920
54795 54807 6399
206160 206205 7008
194553 194586 9683
259603 259611 476
181052 181053 6625
21913 21921 8735
66320 66321 8962
190022 190025 7450
230624 230625 2074
64543 64545 8795
166846 166848 4260
244717 244718 3406
233270 233271 4978
65782 65783 2320
48256 48270 8878
200827 200830 6164
168030 168093 1392
13870 13873 587
109623 109693 1318
260723 262560 1724
69279 69281 5794
206591 206593 1433
149658 149661 4494
239854 239855 8190
24765 24776 3500
137239 137244 9780
141980 141997 1872
218323 218326 3650
228357 228371 7832
256839 256847 6521
139441 139443 892
50077 50078 5492
98304 98309 7442
261497 262206 8771
58205 58207 4919
25528 27441 349
197904 197906 1925
202197 202204 9939
90684 90685 7158
69730 69733 7187
172579 172581 2929
60916 77491 2798
93091 93174 2960
250955 251039 3282
72644 72650 471
38226 38232 4856
193467 193468 632
248097 248098 9706
63202 63203 5813
15584 15587 7170
161111 161114 4837
85952 85953 3085
257394 257404 3358
230629 230782 9039
64329 64330 7062
160263 160323 4329
109085 110324 8896
243280 243282 8375
145169 145176 688
155362 155363 3998
114382 114383 2830
170321 170338 9485
134568 134619 4845
4496 4933 9725
54537 54681 6081
103327 112786 1514
171014 171016 7544
52922 52924 7634
44471 44480 1088
88023 88073 421
109792 109793 9892
258928 259146 5868
96697 96698 6705
211751 211782 6375
239337 261065 5141
153904 154050 3310
186445 186653 5740
202532 202534 2194
44009 44010 4168
4508 4511 2337
202321 202864 8794
84586 84587 1213
48849 48897 8000
245353 245358 1670
113472 113474 1844
242284 261293 6183
126521 126522 683
70720 70724 4828
252792 252793 8050
258906 258907 9705
129367 129417 6054
114859 114860 2324
97394 97395 3680
199803 199807 9677
263701 263702 1163
3025 3099 5532
187221 187236 349
161014 161037 6239
235571 235572 7992
227123 227125 5333
10037 10040 6197
133608 133610 6428
236896 236899 7844
152565 152599 9539
186243 186244 4414
43406 43412 7758
218028 218029 3728
5160 5161 8790
153624 153625 6734
131627 131628 3024
195929 196014 2417
145266 145268 7480
262408 262409 2562
66 5411 2999
217950 217951 9246
131893 131894 9398
17157 17158 6371
38853 38856 6010
152590 152591 7774
69334 69337 2615
242716 261685 4902
46012 46015 8147
17895 17900 1359
215923 224601 845
153833 153841 9258
141712 141713 5413
15683 15684 4090
75786 75899 6197
140807 140813 2625
75900 77338 1934
109951 109960 5942
74942 74944 9995
258108 258110 3917
2249 2250 5815
252261 252262 1363
240483 240490 992
258568 258576 8611
218306 218962 8331
222279 224636 9669
217276 217277 6552
193188 193190 1137
36642 36730 8718
230092 235184 292
38281 38284 3284
106799 106808 4151
110648 110657 678
66886 66888 2677
87022 87024 4273
81292 83952 9742
20577 20583 3332
128909 128921 4148
72205 72206 5528
61144 61169 2997
205163 205166 4359
69296 78170 4463
92876 102871 8839
192397 192588 9375
89727 89728 2863
52809 55526 3824
33635 33638 7403
120510 120512 9455
199015 199017 6908
18279 18290 471
7437 7442 5040
190984 190985 2402
107184 107185 8927
175595 175754 1797
17425 17859 9808
31814 31824 9642
38859 38894 1915
129358 129371 8832
255141 255142 4967
192696 192734 8164
231769 231779 1729
244929 248407 9601
181439 181459 4660
47301 47304 6652
145214 145216 8857
245552 245562 3226
15332 15338 3148
232117 233342 5163
220896 220905 4444
65411 65413 1932
196429 196438 2382
176286 176287 7653
158850 158860 2642
124178 124182 3417
56179 56677 1964
103131 103132 1912
39000 39002 8221
69465 69474 819
176856 176858 7792
107005 107010 710
69453 69454 9058
210697 210718 7425
226865 226866 2162
141769 141770 4397
238561 238563 5644
49217 49224 7366
179278 179281 3084
12002 12007 6007
213398 213400 2059
209660 209668 3664
209217 209242 1397
37540 50249 9707
215847 215855 7656
219442 219457 8856
93068 93073 9716
219017 221939 9055
175482 175483 7473
28736 28740 5322
38970 38972 2840
209571 209582 1827
143481 143494 9064
118653 118654 8609
144928 144932 1144
139969 139970 2605
165437 167339 7065
199244 199253 6064
74340 74342 1690
136238 136278 7880
134267 134269 1252
246684 246866 6936
84406 84407 4169
249073 249098 2625
238820 238832 8293
59473 120129 2273
68156 77805 8393
158760 158766 9793
229144 234327 3926
51276 51277 2814
92082 92083 5696
168379 168394 7215
33117 33118 3747
75438 75575 9301
97371 97510 7869
247812 247813 8164
88091 88098 9640
197776 197780 3969
146526 146602 7043
96651 96652 8935
160396 160399 513
147131 147133 6040
125323 125324 1060
96201 96202 1135
168015 168023 4308
235877 235878 6810
119910 119911 9526
50633 50640 4833
22062 22066 3191
144198 151048 992
226089 226091 7526
141084 141090 1971
250041 250044 6134
209959 209964 6470
223876 223881 8066
137578 137685 9293
137840 137935 8314
78081 78089 9012
122187 128004 8848
108065 108066 8142
50274 50284 5649
161681 161686 7022
189979 190015 1520
9064 32133 8721
78822 265502 1834
